0.000000 0.000000 0.000000 0.000000 0.000000 0.000000 0.000000 0.000000 0.000000 0.000000 0.000000 0.000000 -46.000000 0.000000 0.000000 0.000000 0.000000 0.000000 0.000000 0.000000 -1.600000 0.600000
-90.000000 -90.000000 -90.000000 0.000000 -90.000000 -90.000000 -90.000000 0.000000 -90.000000 -90.000000 -90.000000 0.000000 -46.000000 0.000000 -90.000000 -90.000000 -90.000000 60.000000 0.000000 0.000000 -1.600000 0.600000
-90.000000 -90.000000 -90.000000 0.000000 -90.000000 -90.000000 -90.000000 84.000000 -90.000000 -90.000000 -90.000000 0.000000 -46.000000 0.000000 -90.000000 -90.000000 -90.000000 60.000000 0.000000 0.000000 -1.600000 0.600000
-90.000000 -90.000000 -90.000000 0.000000 -90.000000 -90.000000 -90.000000 0.000000 -90.000000 -90.000000 -90.000000 0.000000 -46.000000 0.000000 -90.000000 -90.000000 -90.000000 60.000000 0.000000 0.000000 -1.600000 0.600000
-90.000000 -90.000000 -90.000000 0.000000 -90.000000 -90.000000 -90.000000 84.000000 -90.000000 -90.000000 -90.000000 0.000000 -46.000000 0.000000 -90.000000 -90.000000 -90.000000 60.000000 0.000000 0.000000 -1.600000 0.600000
-90.000000 -90.000000 -90.000000 0.000000 -90.000000 -90.000000 -90.000000 0.000000 -90.000000 -90.000000 -90.000000 0.000000 -46.000000 0.000000 -90.000000 -90.000000 -90.000000 60.000000 0.000000 0.000000 -1.600000 0.600000
-90.000000 -90.000000 -90.000000 0.000000 -90.000000 -90.000000 -90.000000 84.000000 -90.000000 -90.000000 -90.000000 0.000000 -46.000000 0.000000 -90.000000 -90.000000 -90.000000 60.000000 0.000000 0.000000 -1.600000 0.600000
-90.000000 -90.000000 -90.000000 0.000000 -90.000000 -90.000000 -90.000000 0.000000 -90.000000 -90.000000 -90.000000 0.000000 -46.000000 0.000000 -90.000000 -90.000000 -90.000000 60.000000 0.000000 0.000000 -1.600000 0.600000
-90.000000 -90.000000 -90.000000 0.000000 -90.000000 -90.000000 -90.000000 0.000000 10.000000 0.000000 0.000000 0.000000 -46.000000 0.000000 10.000000 0.000000 0.000000 60.000000 0.000000 0.000000 -1.600000 0.600000
-90.000000 -90.000000 -90.000000 0.000000 -90.000000 -90.000000 -90.000000 0.000000 10.000000 0.000000 0.000000 0.000000 -46.000000 0.000000 -90.000000 -90.000000 -90.000000 60.000000 0.000000 0.000000 -1.600000 0.600000
-90.000000 -90.000000 -90.000000 0.000000 -90.000000 -90.000000 -90.000000 0.000000 -90.000000 -90.000000 -90.000000 0.000000 -46.000000 0.000000 -90.000000 -90.000000 -90.000000 60.000000 0.000000 0.000000 -1.600000 0.600000
-90.000000 -90.000000 -90.000000 0.000000 -90.000000 -90.000000 -90.000000 84.000000 -90.000000 -90.000000 -90.000000 0.000000 -46.000000 0.000000 -90.000000 -90.000000 -90.000000 60.000000 0.000000 0.000000 -1.600000 0.600000
-90.000000 -90.000000 -90.000000 0.000000 -90.000000 -90.000000 -90.000000 0.000000 -90.000000 -90.000000 -90.000000 0.000000 -46.000000 0.000000 -90.000000 -90.000000 -90.000000 60.000000 0.000000 0.000000 -1.600000 0.600000
-90.000000 -90.000000 -90.000000 0.000000 -90.000000 -90.000000 -90.000000 84.000000 -90.000000 -90.000000 -90.000000 0.000000 -46.000000 0.000000 -90.000000 -90.000000 -90.000000 60.000000 0.000000 0.000000 -1.600000 0.600000
-90.000000 -90.000000 -90.000000 0.000000 -90.000000 -90.000000 -90.000000 0.000000 -90.000000 -90.000000 -90.000000 0.000000 -46.000000 0.000000 -90.000000 -90.000000 -90.000000 60.000000 0.000000 0.000000 -1.600000 0.600000
-90.000000 -90.000000 -90.000000 0.000000 -90.000000 -90.000000 -90.000000 84.000000 -90.000000 -90.000000 -90.000000 0.000000 -46.000000 0.000000 -90.000000 -90.000000 -90.000000 60.000000 0.000000 0.000000 -1.600000 0.600000
-90.000000 -90.000000 -90.000000 0.000000 -90.000000 -90.000000 -90.000000 0.000000 -90.000000 -90.000000 -90.000000 0.000000 -46.000000 0.000000 -90.000000 -90.000000 -90.000000 60.000000 0.000000 0.000000 -1.600000 0.600000
-90.000000 -90.000000 -90.000000 0.000000 -90.000000 -90.000000 -90.000000 0.000000 -90.000000 -90.000000 -90.000000 0.000000 -46.000000 0.000000 -90.000000 -90.000000 -90.000000 60.000000 0.000000 0.000000 -1.600000 0.600000
-90.000000 -90.000000 -90.000000 0.000000 -90.000000 -90.000000 -90.000000 84.000000 -90.000000 -90.000000 -90.000000 0.000000 -46.000000 0.000000 -90.000000 -90.000000 -90.000000 60.000000 0.000000 0.000000 -1.600000 0.600000
-90.000000 -90.000000 -90.000000 0.000000 -90.000000 -90.000000 -90.000000 0.000000 -90.000000 -90.000000 -90.000000 0.000000 -46.000000 0.000000 -90.000000 -90.000000 -90.000000 60.000000 0.000000 0.000000 -1.600000 0.600000
-90.000000 -90.000000 -90.000000 0.000000 -90.000000 -90.000000 -90.000000 84.000000 -90.000000 -90.000000 -90.000000 0.000000 -46.000000 0.000000 -90.000000 -90.000000 -90.000000 60.000000 0.000000 0.000000 -1.600000 0.600000
-90.000000 -90.000000 -90.000000 0.000000 -90.000000 -90.000000 -90.000000 0.000000 -90.000000 -90.000000 -90.000000 0.000000 -46.000000 0.000000 -90.000000 -90.000000 -90.000000 60.000000 0.000000 0.000000 -1.600000 0.600000
-90.000000 -90.000000 -90.000000 0.000000 -90.000000 -90.000000 -90.000000 84.000000 -90.000000 -90.000000 -90.000000 0.000000 -46.000000 0.000000 -90.000000 -90.000000 -90.000000 60.000000 0.000000 0.000000 -1.600000 0.600000
-90.000000 -90.000000 -90.000000 0.000000 -90.000000 -90.000000 -90.000000 0.000000 -90.000000 -90.000000 -90.000000 0.000000 -46.000000 0.000000 -90.000000 -90.000000 -90.000000 60.000000 0.000000 0.000000 -1.600000 0.600000
-90.000000 -90.000000 -90.000000 0.000000 -90.000000 -90.000000 -90.000000 84.000000 -90.000000 -90.000000 -90.000000 0.000000 -46.000000 0.000000 -90.000000 -90.000000 -90.000000 60.000000 0.000000 0.000000 -1.600000 0.600000
10.000000 0.000000 0.000000 0.000000 10.000000 0.000000 0.000000 0.000000 10.000000 0.000000 0.000000 0.000000 -46.000000 0.000000 10.000000 0.000000 0.000000 0.000000 0.000000 0.000000 -1.600000 0.600000
-90.000000 -90.000000 -90.000000 -54.000000 -90.000000 -90.000000 -78.000000 52.000000 -90.000000 -90.000000 -90.000000 0.000000 -46.000000 0.000000 -90.000000 -90.000000 -90.000000 0.000000 0.000000 0.000000 -1.600000 0.600000
-90.000000 -90.000000 -90.000000 -54.000000 -90.000000 -90.000000 -78.000000 52.000000 -90.000000 -90.000000 -90.000000 0.000000 -152.000000 0.000000 -90.000000 -90.000000 -90.000000 0.000000 0.000000 0.000000 -1.600000 0.600000
-90.000000 -90.000000 -90.000000 -54.000000 -90.000000 -90.000000 -78.000000 52.000000 -90.000000 -90.000000 -90.000000 0.000000 -250.000000 0.000000 -90.000000 -90.000000 -90.000000 0.000000 0.000000 0.000000 -1.600000 0.600000
-90.000000 -90.000000 -90.000000 -54.000000 -90.000000 -90.000000 -78.000000 52.000000 -90.000000 -90.000000 -90.000000 0.000000 -418.000000 0.000000 -90.000000 -90.000000 -90.000000 0.000000 0.000000 0.000000 -1.600000 0.600000
